108;450;340;1;other;0
107;450;405;1;other;1
116;450;405;1;other;2
117;450;470;1;other;3
118;450;537;1;other;4
106;450;605;1;other;5
105;450;665;1;other;6
120;450;745;1;other;7
104;450;815;1;other;8
non;450;275;1;elevator;9
non;500;275;1;stairs;10
306;435;340;3;other;11
non;455;275;3;elevator;12
307;455;255;3;other;13
308;490;255;3;other;14
305;435;405;3;other;15
312;475;435;3;other;16
314;475;495;3;other;17
313;535;475;3;other;18
311;535;445;3;other;19
313;455;535;3;other;20
304;435;605;3;other;21
317;455;650;3;other;22
303;435;665;3;other;23
318;455;750;3;other;24
302;435;805;3;other;25
301;435;945;3;other;26
non;480;900;3;elevator;27
cofepoint_3;465;1035;3;other;28
non;350;1080;3;stairs;29
non;520;275;3;stairs;30
non;480;900;1;elevator;31
non;450;990;1;other;32
non;370;1080;1;stairs;33
