32;8
32;31
32;33
33;29
8;7
1;3
7;6
6;5
5;4
4;3
2;1
1;0
0;9
0;10
31;27
9;12
10;30
30;14
14;13
13;12
12;30
12;14
11;15
15;16
16;17
16;19
17;18
17;20
20;21
21;22
22;23
23;24
24;25
25;26
26;27
26;28
28;29
32;34
8;35
35;34
35;31
35;32
32;36
32;37
0;38
0;39
29;54
54;41
54;40
40;53
54;53
53;28
53;52
52;26
52;51
51;27
51;50
50;25
50;24
24;49
49;23
49;22
22;48
48;21
48;20
20;46
46;16
46;17
46;47
46;45
47;19
47;18
45;15
45;44
44;42
44;43
44;11
44;12
55;1
55;3
56;0
57;3
58;4
59;4
59;5
60;6
60;7
61;7
61;8
62;8
53;28
